35.3043 35.4783 38.0870 54.2609 59.1304
40.1739 35.4783 38.2609 54.2609 59.3043
45.0435 35.4783 38.2609 54.2609 59.1304
50.6087 35.6522 38.4348 54.4348 59.1304
52.6957 35.6522 38.4348 54.4348 59.3043 
60.3478 36.0000 38.6087 54.6087 59.3043
65.2174 36.1739 38.7826 54.6087 59.3043
70.087  36.1739 38.9565 54.7826 59.3043
75.6522 36.3478 39.1304 54.9565 59.4783
80.5217 36.5217 39.3043 54.9565 59.4783
85.3913 36.6957 39.4783 55.1304 59.4783 
90.2609 36.8696 39.8261 55.1304 59.4783
95.1304 37.2174 40.0000 55.3043 59.4783
100.000 37.3913 40.3478 55.3043 59.4783
105.565 37.5652 40.6957 55.4783 59.6522
106.261 37.3913 40.6957 55.4783 59.8261
115.304 38.2609 41.2174 55.4783 59.6522
120.174 38.6087 41.3913 55.6522 59.6522
125.043 39.1304 41.9130 55.6522 59.8261
127.826 39.4783 42.0870 55.6522 60
130.609 39.4783 42.2609 55.6522 60.1739
135.478 39.8261 42.7826 55.8261 60.1739
140.348 40.3478 42.9565 55.8261 60.1739 
145.217 41.0435 43.6522 55.6522 60.3478
148.696 41.3913 44.0000 55.8261 60.3478
150.783 41.7391 44.1739 55.8261 60.3478
155.652 42.4348 44.8696 55.3043 60.3478
160.522 43.3043 45.5652 54.7826 60.5217
163.304 43.8261 45.913  54.2609 60.5217

86.206 36.7686 39.5633 55.1092 59.476

