70.13   33.7398 37.4797 52.6016 56.8293
75.1678 34.3902 37.8049 52.6016 56.5041 
80.2013 34.8780 38.1301 52.6016 56.1789
85.2349 35.3659 38.1301 52.4390 55.8537
90.2685 35.6911 38.4553 52.2764 55.5285
94.9664 36.1789 38.6179 52.2764 55.3659
100 36.3415 39.1057 52.1138 55.2033
105.034 36.9919 39.4309 51.9512 55.0407
110.067 37.4797 39.9187 51.7886 55.0407
115.101 37.8049 40.4065 51.4634 55.0407
120.134 38.4553 40.8943 51.3008 55.0407
125.168 39.1057 41.5447 50.8130 55.0407
130.537 40.0813 42.1951 50.1626 54.8780
135.235 41.2195 43.0081 49.6748 54.8780

70.13   33.7398 37.4797 52.6016 56.8293
86.2416 35.5285 38.2927 52.4390 55.8537
135.235 41.2195 43.0081 49.6748 54.8780

