
45.1195 27.9725 35.6701 55.8763 62.0619
55.0000 28.6957 36.2846 56.0474 62.3715
60.0000 29.1700 36.6008 56.2055 62.3715
65.0000 29.4862 36.9170 56.3636 62.5296
70.0000 29.9605 37.2332 56.5217 62.5296
75.0000 30.4348 37.5494 56.5217 62.6877
77.5000 30.1186 37.8656 56.6798 62.6877
81.8750 30.7510 38.1818 56.8379 62.8458
85.0000 31.2253 38.3399 56.8379 62.8458
85.8824 31.3386 38.4252 56.8504 62.8346
90.0000 31.6996 38.6561 56.9960 63.0040
95.0000 32.1739 39.1304 57.1542 63.0040
100.000 32.6482 39.4466 57.1542 63.1621
104.096 33.1959 39.9313 57.2509 63.1615
105.000 33.1225 40.0791 57.3123 63.1621
110.000 33.4387 40.2372 57.4704 63.3202
115.000 34.2292 40.5534 57.6285 63.4783
120.000 34.5455 40.8696 57.6285 63.6364
123.125 35.9684 41.0277 57.7866 63.6364
125.000 35.3360 41.0277 57.7866 63.6364
130.000 35.6522 41.3439 57.9447 63.7945
135.000 36.2846 41.8182 58.1028 63.7945
140.000 36.9170 42.1344 58.2609 63.9526
145.000 37.3913 42.4506 58.4190 64.1107
150.000 37.8656 42.7668 58.5771 64.1107
155.000 38.4980 43.2411 58.5771 64.2688
160.000 38.9723 43.7154 58.4190 64.2688
165.000 39.4466 44.1897 58.1028 64.4269
170.000 40.0791 44.6640 57.7866 64.4269    
175.039 40.9449 45.1969 57.3228 64.5669
175.625 40.8696 45.1383 57.1542 64.5850
180.000 41.1858 45.7708 56.3636 64.7431
185.000 41.8182 46.5613 55.4150 64.9012

