
80.292  29.1743 32.2936 48.8073 52.8440
82.3636 29.3578 32.4771 48.6239 53.211
86.1314 29.5413 32.6606 48.8073 53.5780
90.1460 29.9083 32.6606 49.1743 54.1284
95.2555 30.2752 33.0275 49.1743 54.4954
96.9091 30.2752 33.0275 48.9908 54.8624
100.000 30.6422 33.2110 49.1743 54.8624
104.182 30.6422 33.3945 48.9908 54.8624
110.219 31.3761 33.5780 49.1743 55.2294
114.964 31.7431 33.9450 48.9908 55.2294
116.545 32.2936 33.945  48.9908 55.2294
120.073 32.2936 34.3119 48.9908 55.4128
125.182 32.844  34.8624 48.9908 55.2294
129.927 33.3945 35.0459 48.8073 55.2294
131.455 33.3945 35.2294 48.8073 54.6789
137.636 34.6789 35.7798 48.6239 54.6789
140.146 34.4954 36.1468 48.6239 54.8624



