52.5000 21.2749 27.1713 50.4382 56.8127
86.25   25.5777 30.6773 51.8725 57.4502
156.875 33.5458 38.1673 54.9004 59.2032

51.1111 21.4286 27.1429 50.3175 56.6667
52.5000 21.2749 27.1713 50.4382 56.8127
54.9206 22.0635 27.6190 50.4762 56.8254
60.0000 22.5397 28.0952 50.7937 56.8254
65.0794 23.1746 28.7302 50.9524 56.9841
70.1587 23.8095 29.2063 51.2698 57.1429
75.2381 24.2857 29.6825 51.4286 57.3016
80.3175 24.9206 30.1587 51.5873 57.3016
85.3968 25.5556 30.6349 51.7460 57.4603
91.1111 26.5079 31.2698 52.0635 57.619
94.9206 26.6667 31.7460 52.2222 57.619
100.000 27.1429 32.2222 52.381  57.7778
105.079 27.7778 32.6984 52.6984 58.0952
110.159 28.4127 33.1746 52.8571 58.0952
115.873 28.8889 33.8095 53.0159 58.0952
120.952 29.6825 34.2857 53.3333 58.4127
125.397 30.1587 34.9206 53.4921 58.4127
130.476 30.7937 35.3968 53.6508 58.5714
134.921 31.2698 35.8730 53.9683 58.7302
140.000 31.7460 36.3492 54.1270 58.8889
145.079 32.3810 36.8254 54.4444 59.0476
147.619 32.6984 37.1429 54.4444 59.0476
150.159 32.8571 37.4603 54.6032 59.0476
155.238 33.4921 37.9365 54.7619 59.2063
160.317 34.2857 38.5714 54.9206 59.2063
164.762 34.7619 39.0476 54.7619 59.3651
170.476 36.0317 39.8413 54.4444 59.5238
174.921 36.8254 40.4762 54.2857 59.6825
180.000 37.9365 41.2698 53.6508 59.6825
185.079 39.0476 42.3810 53.1746 59.8413  






