86.1486 26.5 34      49 63
100 27.1667 35.1667 48.8333 62
119.595 29  35.5    48.6667 61.3333
152.365 33.8333 38.3333 47.6667 60.8333

85.1351 26.5 33.8333 49 63
90.2027 26.6667 34.3333 49  62.6667
94.9324 27 34.6667  48.8333 62.3333 
105.068 27.5 35.1667 48.6667 61.8333
110.135 28  35.3333 48.6667 61.6667
115.203 28.5 35.3333 48.6667 61.3333
120.27  28.8333 35.5    48.6667 61.3333
125 29.5    35.8333 48.6667 61.1667
130.068 30  36.1667 48.5 61.1667
135.135 30.6667 36.5    48.5    61
140.203 31.3333 36.8333 48.5    60.8333 
144.932 32.1667 37.3333 48.3333 60.8333
150 33.1667 38  47.8333 60.8333
155.068 34.3333 38.6667 47.3333 61


