64.4444 17.9447 22.5296 57.4704 63.9526
72.0635 19.5257 23.4783 57.4704 63.9526
81.5873 20.3162 24.5850 57.7866 64.1107
98.7302 22.5296 26.9565 58.1028 64.4269
102.540 23.7945 27.4308 58.1028 64.5850
120.317 26.0079 29.4862 58.2609 64.7431
131.111 27.1146 31.0672 58.4190 64.9012
136.825 28.6957 31.8577 58.5771 64.9012
154.603 30.5929 34.7036 58.7352 65.2174

70.1587 18.7352 23.3202 57.4703 64.1106
75.238  19.3676 23.7945 57.6284 63.9525
85.3968 20.7905 25.0593 57.7865 64.2687
90.4761 21.5811 25.8498 57.7865 64.2687
95.5555 22.2135 26.4822 57.9446 64.4268
110.159 24.2688 28.2214 58.1027 64.5849
115.238 24.9012 28.8538 58.2608 64.5849
125.397 26.4822 30.2767 58.2608 64.7430
140     28.6957 32.332  58.577  65.0592
145.079 29.3281 32.9644 58.7351 65.0592
150.159 29.9605 33.7549 58.7351 65.2173
160.317 31.6996 35.8103 58.8932 65.3754
165.397 32.4901 36.7589 58.8932 65.3754
170.476 33.5968 37.8656 58.577  65.5336
175.555 34.7036 38.9723 58.1027 65.6917
180.000 35.8103 40.0790 57.7865 65.6917
185.079 37.2332 41.5020 56.996  65.8498


86.0317 20.9486 25.2174 57.7866 64.2688

