86.2416 19.3478 21.1413 41.3587 50.4891

90.2685 19.5109 21.4674 41.1957 50.9783 
94.9664 20.0000 21.9565 41.1957 51.4674
100.000 20.4891 22.4457 41.1957 51.9565
105.034 20.9783 22.9348 41.3587 52.4457
110.067 21.6304 23.4239 41.3587 52.9348
115.101 22.2826 23.9130 41.1957 53.2609

120.134 22.9348 24.5652 41.3587 53.7500

125.168 23.5870 25.2174 41.1957 53.9130
130.201 24.4022 26.0326 41.3587 54.4022
135.235 25.2174 26.6848 41.3587 54.5652

140.268 26.1957 27.8261 41.3587 54.5652
144.966 27.1739 28.6413 41.1957 54.7283

