45   28.1 35.3 55.7 62.2 
50   28.4 35.5 55.9 62.3
55   29.0 36.1 56.1 62.5
60   29.3 36.1 56.3 63.2
65   29.5 36.4 56.6 63.0
70   30.1 37.0 56.3 62.6
75   30.4 37.1 56.6 62.9
80   31.1 37.8 56.3 62.8
85   31.4 37.9 56.6 62.8
90   31.7 38.3 56.4 62.7
95   32.0 38.4 56.7 62.7
100   32.7 39.1 56.4 63.2
105   33.1 39.3 56.8 62.8
110   33.4 39.8 56.6 62.8
115   34.1 40.3 56.9 62.8
120   34.5 40.8 56.7 62.9
125   34.9 41.0 56.5 63.0
130   35.3 41.1 56.9 63.1
135   36.1 42.1 56.7 62.7
140   36.5 42.3 57.1 62.9
145   36.9 42.5 56.9 63.0
150   37.3 43.2 56.8 63.2
155   37.7 43.4 57.2 62.9
160   38.6 44.5 57.0 63.0
165   39.1 44.8 57.5 63.2
170   39.5 45.1 57.3 62.9
175   40.0 45.4 57.2 63.2
180   41.0 46.6 57.7 63.4
185   41.5 46.9 57.5 63.1

