70   18.7 24.7 57.9 64.1
75   19.1 25.2 57.6 64.0
80   19.5 25.8 57.8 64.6
85   20.0 26.4 57.6 64.5
90   20.3 26.6 57.8 64.8
95   20.7 27.1 57.6 64.7
100   21.2 27.6 57.9 65.1
105   21.7 28.1 57.6 65.1
110   22.2 28.6 57.4 65.1
115   22.8 29.4 57.2 65.1
120   23.4 29.8 57.5 65.2
125   24.1 30.6 57.3 65.2
130   24.7 31.1 57.2 65.3
135   25.5 32.0 57.5 65.4
140   26.3 32.7 57.3 65.4
145   27.2 33.5 57.1 65.1
150   28.1 34.5 57.5 65.7
155   29.3 35.6 57.3 65.4
160   30.3 36.5 57.2 65.5
165   31.7 37.7 57.5 65.7
170   33.1 39.0 57.4 65.4
175   34.6 40.7 57.2 65.6
180   36.2 42.2 57.6 65.8
185   37.9 43.7 57.5 66.0

