35   34.9 38.5 53.8 60.7
40   34.9 38.5 52.9 59.4

45   34.9 38.9 53.6 59.9
50   34.8 38.9 54.4 60.8
55   35.3 39.7 54.1 60.7
60   35.2 39.8 54.3 60.5
65   35.2 39.9 54.6 60.8
70   35.2 40.0 54.3 60.3
75   35.1 39.7 54.0 60.2
80   35.1 39.8 54.3 60.6


85   35.5 40.3 54.6 61.0
90   36.0 40.8 53.8 59.7
95   35.5 40.2 54.7 60.5
100   35.9 40.8 54.5 60.1


105   36.8 41.7 54.2 60.1
110   37.3 42.3 54.6 60.6
115   37.3 42.1 54.4 60.2
120   37.7 42.4 54.2 59.8
125   38.2 43.0 54.6 60.8
130   38.2 42.4 54.4 60.5
135   38.7 43.1 54.2 60.1
140   39.7 43.8 54.0 59.8
145   40.3 44.5 54.4 60.4
150   40.8 44.8 54.2 60.1
155   41.9 45.6 54.1 59.7
160   43.1 46.9 54.5 60.4
165   44.2 47.7 54.4 60.6

