50   21.1 25.0 49.5 56.6
55   21.8 25.8 50.0 57.2
60   22.6 26.8 50.1 56.9
65   23.1 27.2 50.7 57.3
70   23.9 28.3 50.8 57.4
75   24.6 29.0 51.0 57.2
80   25.2 29.6 51.1 57.3
85   25.6 30.0 51.3 57.2
90   26.3 30.8 51.5 57.4
95   26.8 31.3 51.7 57.3
100   27.5 32.0 52.0 57.5
105   28.0 32.5 52.2 57.4
110   28.5 33.0 52.4 57.7
115   29.1 33.5 52.2 57.3
120   29.6 33.9 52.5 57.3
125   30.2 34.5 52.8 57.6
130   30.7 35.1 53.0 57.6
135   31.3 35.8 54.3 59.9
140   31.9 36.2 54.1 60.0
145   32.6 36.9 54.5 60.0
150   33.2 37.6 54.8 59.7
155   33.9 38.4 54.6 60.2
160   34.5 38.9 55.0 59.9
165   34.9 39.0 54.9 60.0
170   35.6 39.9 55.2 60.1
175   36.3 40.8 55.6 59.8
180   36.7 41.0 55.5 60.0
185   37.5 41.6 55.9 60.2

